x	y
0.000000	-291.928144
0.050050	-1216.090277
0.100100	1452.950846
0.150150	983.276366
0.200200	1304.591698
0.250250	122.771491
0.300300	-641.329432
0.350350	622.667227
0.400400	-1063.768174
0.450450	395.335127
0.500501	720.579311
0.550551	2385.909399
0.600601	1519.199256
0.650651	475.512473
0.700701	-524.513321
0.750751	-126.873948
0.800801	-1733.819287
0.850851	742.960722
0.900901	-624.590007
0.950951	-939.278439
1.001001	1072.308889
1.051051	-754.058787
1.101101	-548.947451
1.151151	-140.331719
1.201201	1604.850038
1.251251	-79.547821
1.301301	154.978307
1.351351	-770.237211
1.401401	-972.339789
1.451451	211.526834
1.501502	-355.004566
1.551552	-551.047150
1.601602	-943.891039
1.651652	-1338.604378
1.701702	1092.354338
1.751752	-143.454572
1.801802	121.886248
1.851852	37.272151
1.901902	-1738.451720
1.951952	-427.622117
2.002002	915.302316
2.052052	1501.172402
2.102102	926.856031
2.152152	354.940546
2.202202	-1623.218674
2.252252	92.418142
2.302302	-458.977550
2.352352	3.000158
2.402402	-596.955159
2.452452	-1687.577219
2.502503	-1746.777054
2.552553	-10.474585
2.602603	-99.660730
2.652653	227.070854
2.702703	417.523548
2.752753	64.720349
2.802803	636.996004
2.852853	-1482.267073
2.902903	-22.728091
2.952953	269.186202
3.003003	-488.674450
3.053053	338.910652
3.103103	-1406.474291
3.153153	-1525.294725
3.203203	515.997696
3.253253	653.095413
3.303303	646.821843
3.353353	963.232169
3.403403	774.235943
3.453453	554.996792
3.503504	-888.499830
3.553554	-83.671079
3.603604	-835.141569
3.653654	948.478529
3.703704	393.828727
3.753754	935.905735
3.803804	1877.939759
3.853854	1217.430549
3.903904	97.219859
3.953954	-98.855848
4.004004	1465.017864
4.054054	-376.794839
4.104104	-257.606106
4.154154	760.637082
4.204204	-542.031841
4.254254	-959.383043
4.304304	-1363.892394
4.354354	-1987.588572
4.404404	-1444.543507
4.454454	60.828120
4.504505	-1004.703215
4.554555	-1255.561930
4.604605	634.811528
4.654655	283.966523
4.704705	6.141248
4.754755	-1009.373720
4.804805	-1659.272131
4.854855	507.441395
4.904905	-914.083562
4.954955	-1230.086526
5.005005	606.487349
5.055055	-877.496976
5.105105	-2842.155674
5.155155	-65.582590
5.205205	-531.246228
5.255255	-582.916389
5.305305	-1097.038354
5.355355	920.502346
5.405405	2538.403365
5.455455	-780.118101
5.505506	643.952589
5.555556	-247.446450
5.605606	-57.589673
5.655656	501.968543
5.705706	-116.169180
5.755756	378.297012
5.805806	957.030065
5.855856	785.285132
5.905906	627.729053
5.955956	-1191.999328
6.006006	494.716384
6.056056	-1176.530831
6.106106	-412.665229
6.156156	-1190.434070
6.206206	537.321166
6.256256	1259.437556
6.306306	-2167.216908
6.356356	-185.529819
6.406406	-895.099420
6.456456	-548.119434
6.506507	-505.675220
6.556557	1603.412371
6.606607	640.125021
6.656657	-448.296148
6.706707	-291.847840
6.756757	-794.421476
6.806807	-314.989493
6.856857	-399.170988
6.906907	920.633666
6.956957	479.373854
7.007007	26.199806
7.057057	3154.495646
7.107107	-1054.412542
7.157157	667.063797
7.207207	-86.039954
7.257257	-473.929105
7.307307	-455.555249
7.357357	-290.092249
7.407407	938.242434
7.457457	583.776617
7.507508	-160.497906
7.557558	1381.961688
7.607608	660.516424
7.657658	-1644.950284
7.707708	2198.012491
7.757758	643.969862
7.807808	-116.107244
7.857858	874.013789
7.907908	-568.799496
7.957958	-702.816234
8.008008	-2089.636714
8.058058	-365.830417
8.108108	-723.679578
8.158158	142.902345
8.208208	-145.151039
8.258258	-1068.520381
8.308308	1830.634306
8.358358	674.249098
8.408408	192.288868
8.458458	245.007262
8.508509	-1518.004224
8.558559	-1614.028446
8.608609	187.184891
8.658659	1261.058374
8.708709	-149.593529
8.758759	1279.330577
8.808809	-237.613564
8.858859	-1792.633042
8.908909	207.729327
8.958959	-697.855872
9.009009	-650.025803
9.059059	1043.176753
9.109109	1644.176534
9.159159	373.654604
9.209209	-1232.004309
9.259259	-310.846153
9.309309	-827.677739
9.359359	-841.523065
9.409409	-1203.905152
9.459459	-505.027209
9.509510	-708.290292
9.559560	624.873202
9.609610	-954.539863
9.659660	-1392.696744
9.709710	-658.646250
9.759760	-68.428934
9.809810	595.891681
9.859860	-188.228105
9.909910	1057.569956
9.959960	-372.595796
10.010010	751.404951
10.060060	-669.480583
10.110110	515.667828
10.160160	1011.886201
10.210210	-397.271117
10.260260	768.871114
10.310310	-2260.875140
10.360360	-2185.428536
10.410410	-1803.700285
10.460460	-1291.190278
10.510511	375.581040
10.560561	-218.686215
10.610611	147.782921
10.660661	1007.146364
10.710711	-127.840377
10.760761	-1490.653114
10.810811	633.288793
10.860861	1293.666310
10.910911	-872.767407
10.960961	346.434645
11.011011	-722.085834
11.061061	-794.894051
11.111111	-1839.256548
11.161161	-1133.600750
11.211211	-114.363757
11.261261	-476.521176
11.311311	-76.182384
11.361361	182.985858
11.411411	1229.833600
11.461461	-750.639143
11.511512	-714.485414
11.561562	322.133011
11.611612	-256.353556
11.661662	-1292.939597
11.711712	-1029.488917
11.761762	-1349.458262
11.811812	131.728605
11.861862	1128.899891
11.911912	-1039.630420
11.961962	-1133.766532
12.012012	-589.687322
12.062062	-883.416539
12.112112	-1577.194390
12.162162	168.411064
12.212212	-1820.146011
12.262262	310.088381
12.312312	-1150.271628
12.362362	-924.350726
12.412412	-305.975567
12.462462	-3122.577179
12.512513	-1888.382590
12.562563	57.751877
12.612613	1068.426431
12.662663	187.672485
12.712713	1036.625088
12.762763	-1781.348675
12.812813	-1375.562632
12.862863	-894.301336
12.912913	-1476.388334
12.962963	-756.459279
13.013013	992.148894
13.063063	-2708.654324
13.113113	180.998811
13.163163	-633.212376
13.213213	-2416.575228
13.263263	-57.212720
13.313313	-1624.090031
13.363363	-68.967825
13.413413	-778.562610
13.463463	-1554.169081
13.513514	1274.331062
13.563564	-952.534541
13.613614	-2104.801363
13.663664	-210.748599
13.713714	772.162574
13.763764	-390.425248
13.813814	-662.307694
13.863864	-719.804158
13.913914	-1309.906106
13.963964	-1034.429068
14.014014	-1185.485298
14.064064	-1995.970632
14.114114	1636.273622
14.164164	-1307.449195
14.214214	-2174.595311
14.264264	-31.481596
14.314314	-2776.044687
14.364364	-282.804713
14.414414	-400.805263
14.464464	-270.271743
14.514515	-745.892436
14.564565	-1738.064180
14.614615	692.247213
14.664665	1163.902706
14.714715	-2550.346361
14.764765	-357.484044
14.814815	-973.119574
14.864865	-734.736549
14.914915	-2131.508680
14.964965	219.504365
15.015015	-436.885039
15.065065	-387.323831
15.115115	295.618174
15.165165	-880.062972
15.215215	-1919.737885
15.265265	-147.835064
15.315315	-1794.418388
15.365365	-728.550294
15.415415	-709.164501
15.465465	-635.359833
15.515516	-1479.890118
15.565566	569.567546
15.615616	-1092.857933
15.665666	-737.613658
15.715716	262.232177
15.765766	-283.039998
15.815816	483.750249
15.865866	295.043843
15.915916	1512.251616
15.965966	-2140.654514
16.016016	-400.224367
16.066066	671.677241
16.116116	1569.425302
16.166166	-1823.094076
16.216216	955.217785
16.266266	808.877574
16.316316	61.445171
16.366366	-674.890808
16.416416	-596.036472
16.466466	-1817.886250
16.516517	-1628.161426
16.566567	-1281.359314
16.616617	-595.540586
16.666667	377.893392
16.716717	-3001.947925
16.766767	-961.165207
16.816817	-120.248574
16.866867	-356.102863
16.916917	-1535.113568
16.966967	201.495610
17.017017	-2562.625967
17.067067	-553.674960
17.117117	-1142.469797
17.167167	-2367.872878
17.217217	-1169.614620
17.267267	-1653.232201
17.317317	-2147.227664
17.367367	-659.385205
17.417417	-1172.065248
17.467467	-790.122739
17.517518	-1827.865558
17.567568	-161.438016
17.617618	-2670.193957
17.667668	-1630.092044
17.717718	-3155.956832
17.767768	-1992.425878
17.817818	-2478.646761
17.867868	-1224.407228
17.917918	-1828.993698
17.967968	-3064.300787
18.018018	-635.622452
18.068068	-1552.506599
18.118118	-1730.827971
18.168168	-2033.712329
18.218218	-2023.733189
18.268268	-740.279016
18.318318	-3620.813035
18.368368	-881.751522
18.418418	-278.284259
18.468468	-2620.113448
18.518519	-3015.228272
18.568569	-483.218603
18.618619	-2669.206704
18.668669	-3928.239634
18.718719	-2463.262425
18.768769	-3994.183016
18.818819	-816.816386
18.868869	-2280.309434
18.918919	-523.260530
18.968969	-1975.555094
19.019019	-2145.069162
19.069069	-2762.448466
19.119119	-1889.012289
19.169169	-1951.403497
19.219219	-1613.005284
19.269269	-872.000315
19.319319	-1903.694332
19.369369	-1127.499611
19.419419	-2537.246970
19.469469	-1625.367511
19.519520	-2597.700466
19.569570	-3643.037687
19.619620	120.421164
19.669670	-4229.409730
19.719720	-1247.606958
19.769770	-2343.192997
19.819820	-2050.666754
19.869870	-4213.326089
19.919920	-1891.523007
19.969970	-2848.257502
20.020020	-2812.493470
20.070070	-4147.579486
20.120120	-3363.129761
20.170170	-1871.666777
20.220220	-3276.885223
20.270270	-941.000828
20.320320	-2829.612273
20.370370	-3371.711149
20.420420	-1140.315041
20.470470	-2607.438331
20.520521	-2947.720907
20.570571	-2744.588544
20.620621	-1547.114662
20.670671	-2752.524675
20.720721	-3432.601032
20.770771	-3122.902683
20.820821	-2467.621141
20.870871	-3917.107047
20.920921	-3974.661312
20.970971	-2821.636279
21.021021	-2087.166565
21.071071	-3475.321391
21.121121	-2527.273331
21.171171	-3199.454731
21.221221	-1036.703169
21.271271	-1999.218610
21.321321	-3348.538032
21.371371	-3000.433528
21.421421	-5120.765119
21.471471	-3110.769972
21.521522	-3688.350384
21.571572	-2693.189967
21.621622	-3512.902223
21.671672	-1925.214218
21.721722	-3318.445792
21.771772	-3630.880144
21.821822	-1593.819395
21.871872	-3495.795515
21.921922	-2735.732730
21.971972	-2972.845369
22.022022	-3040.828692
22.072072	-3456.963225
22.122122	-3324.385149
22.172172	-3816.767467
22.222222	-2045.454230
22.272272	-5030.240451
22.322322	-3035.892217
22.372372	-1623.344202
22.422422	-2540.773603
22.472472	-2986.788476
22.522523	-4737.124906
22.572573	-2457.132262
22.622623	-3485.787020
22.672673	-2660.395631
22.722723	-3689.111329
22.772773	-4451.871153
22.822823	-5049.573731
22.872873	-3477.464822
22.922923	-5375.712756
22.972973	-2843.150812
23.023023	-4113.690346
23.073073	-3243.636556
23.123123	-3049.165938
23.173173	-6009.240820
23.223223	-5014.330127
23.273273	-4372.869204
23.323323	-5135.048404
23.373373	-5150.816529
23.423423	-3961.953225
23.473473	-3772.440053
23.523524	-2710.836413
23.573574	-5141.455844
23.623624	-4438.469866
23.673674	-4186.672690
23.723724	-4605.664639
23.773774	-4684.045278
23.823824	-5279.947121
23.873874	-5181.050364
23.923924	-4502.569934
23.973974	-5899.412286
24.024024	-5848.994510
24.074074	-6495.291890
24.124124	-5525.283470
24.174174	-4869.903036
24.224224	-3747.404355
24.274274	-3280.914208
24.324324	-6372.968726
24.374374	-3615.961451
24.424424	-5001.207118
24.474474	-4937.751710
24.524525	-5520.564729
24.574575	-4721.973573
24.624625	-5568.851698
24.674675	-6392.557642
24.724725	-3723.057735
24.774775	-4579.251754
24.824825	-6672.006481
24.874875	-5254.289893
24.924925	-4355.323526
24.974975	-5107.559347
25.025025	-5519.348756
25.075075	-4386.995545
25.125125	-4406.664604
25.175175	-6893.346365
25.225225	-6719.249769
25.275275	-5220.835725
25.325325	-8447.475681
25.375375	-5796.773606
25.425425	-4778.135343
25.475475	-7035.030439
25.525526	-6631.263719
25.575576	-4819.279253
25.625626	-6566.431366
25.675676	-4957.387666
25.725726	-6074.308543
25.775776	-5767.766048
25.825826	-4105.290724
25.875876	-5723.967985
25.925926	-4791.897136
25.975976	-6596.493242
26.026026	-6273.046001
26.076076	-5542.106618
26.126126	-5452.292344
26.176176	-4957.706210
26.226226	-6579.857242
26.276276	-5949.922603
26.326326	-6229.034747
26.376376	-6216.536734
26.426426	-6339.600315
26.476476	-7696.859189
26.526527	-5461.451956
26.576577	-7927.566123
26.626627	-7840.429365
26.676677	-5407.821308
26.726727	-5784.517471
26.776777	-7038.659170
26.826827	-8390.163668
26.876877	-4869.989737
26.926927	-7814.952315
26.976977	-9223.241332
27.027027	-7264.634321
27.077077	-5708.304714
27.127127	-6523.157821
27.177177	-6860.625370
27.227227	-8054.977709
27.277277	-7123.452687
27.327327	-7718.470208
27.377377	-8968.427451
27.427427	-6877.672155
27.477477	-7608.391244
27.527528	-8571.386846
27.577578	-9049.312813
27.627628	-7804.346889
27.677678	-7909.778723
27.727728	-8096.610602
27.777778	-8916.231570
27.827828	-8481.006362
27.877878	-6683.885418
27.927928	-9062.854424
27.977978	-7238.302072
28.028028	-9841.565099
28.078078	-10187.013921
28.128128	-8719.265005
28.178178	-8780.427868
28.228228	-7607.683327
28.278278	-7506.049809
28.328328	-6463.240792
28.378378	-8786.753201
28.428428	-9223.489014
28.478478	-9479.179749
28.528529	-9621.757061
28.578579	-8799.077926
28.628629	-8706.054472
28.678679	-8445.505940
28.728729	-9668.040523
28.778779	-7485.497997
28.828829	-10902.497769
28.878879	-8348.089406
28.928929	-9784.844054
28.978979	-10365.425086
29.029029	-7969.047039
29.079079	-10030.589899
29.129129	-10141.741275
29.179179	-10194.795558
29.229229	-9587.549882
29.279279	-7236.492516
29.329329	-9242.489071
29.379379	-9303.561108
29.429429	-10372.184434
29.479479	-9376.808650
29.529530	-10841.110680
29.579580	-10113.510963
29.629630	-11687.828280
29.679680	-9686.534941
29.729730	-10623.326964
29.779780	-11833.387462
29.829830	-10221.654104
29.879880	-11167.304995
29.929930	-11551.162466
29.979980	-10508.980563
30.030030	-9175.576835
30.080080	-11586.132419
30.130130	-10824.787918
30.180180	-8468.956468
30.230230	-9654.098979
30.280280	-11813.375141
30.330330	-11531.571703
30.380380	-9809.212222
30.430430	-8970.825280
30.480480	-12515.365831
30.530531	-11345.689987
30.580581	-9957.534797
30.630631	-12097.563589
30.680681	-12859.137547
30.730731	-10984.288957
30.780781	-10913.259556
30.830831	-10380.937577
30.880881	-10573.346728
30.930931	-13340.643811
30.980981	-11112.242762
31.031031	-12440.653625
31.081081	-12101.567422
31.131131	-11733.211997
31.181181	-11931.779895
31.231231	-10098.734647
31.281281	-12155.122347
31.331331	-11565.352835
31.381381	-12623.037742
31.431431	-11333.024603
31.481481	-12291.632347
31.531532	-12406.738052
31.581582	-11325.554955
31.631632	-8156.587019
31.681682	-12003.924380
31.731732	-12906.959515
31.781782	-13074.995181
31.831832	-13169.089945
31.881882	-11624.643334
31.931932	-13600.654281
31.981982	-12408.458340
32.032032	-13169.400357
32.082082	-13406.143683
32.132132	-12537.025646
32.182182	-13392.572953
32.232232	-13229.205767
32.282282	-13466.720149
32.332332	-14011.333209
32.382382	-11845.363601
32.432432	-13390.767001
32.482482	-13468.594632
32.532533	-11767.574672
32.582583	-13430.604904
32.632633	-11285.368321
32.682683	-14772.583636
32.732733	-12990.320130
32.782783	-13102.279068
32.832833	-14499.679493
32.882883	-13095.030707
32.932933	-14151.053059
32.982983	-12613.753925
33.033033	-14630.627608
33.083083	-13132.349291
33.133133	-13977.474514
33.183183	-13987.725153
33.233233	-15582.126602
33.283283	-13857.273769
33.333333	-14305.711795
33.383383	-15644.948506
33.433433	-12325.399701
33.483483	-16648.571771
33.533534	-14741.151619
33.583584	-14194.072459
33.633634	-13600.279986
33.683684	-15463.052247
33.733734	-15146.410269
33.783784	-15184.371952
33.833834	-15705.750333
33.883884	-16158.281381
33.933934	-14231.218930
33.983984	-14663.771678
34.034034	-16825.461181
34.084084	-14704.414539
34.134134	-15141.700715
34.184184	-16709.538639
34.234234	-14672.440974
34.284284	-16208.644338
34.334334	-15589.775094
34.384384	-16939.369458
34.434434	-15883.068955
34.484484	-18105.367563
34.534535	-15390.169235
34.584585	-15049.581072
34.634635	-16376.403618
34.684685	-16835.557506
34.734735	-16250.867553
34.784785	-16320.929365
34.834835	-18332.843819
34.884885	-16792.874433
34.934935	-15828.520272
34.984985	-16404.102374
35.035035	-17346.440534
35.085085	-18453.732617
35.135135	-16874.841897
35.185185	-15932.036437
35.235235	-18145.214596
35.285285	-16367.580014
35.335335	-18142.030610
35.385385	-17786.257690
35.435435	-15357.637263
35.485485	-16179.953515
35.535536	-17939.469571
35.585586	-18015.070203
35.635636	-18171.767531
35.685686	-19745.350474
35.735736	-18738.187252
35.785786	-18180.472185
35.835836	-17265.394867
35.885886	-18611.626483
35.935936	-19093.101109
35.985986	-17775.977663
36.036036	-18789.353420
36.086086	-17800.922456
36.136136	-18970.980788
36.186186	-19357.789041
36.236236	-19793.665582
36.286286	-17665.552718
36.336336	-18072.378920
36.386386	-18845.075925
36.436436	-18972.042846
36.486486	-19197.803374
36.536537	-18777.688617
36.586587	-19668.133374
36.636637	-19955.244876
36.686687	-18213.348687
36.736737	-20053.793922
36.786787	-20778.707690
36.836837	-21070.137916
36.886887	-19222.354638
36.936937	-20525.593053
36.986987	-19620.984048
37.037037	-20454.258358
37.087087	-19989.990022
37.137137	-19143.718496
37.187187	-18317.164424
37.237237	-18960.267921
37.287287	-19460.142892
37.337337	-20929.815503
37.387387	-20999.178584
37.437437	-20366.237527
37.487487	-22726.354472
37.537538	-21021.962465
37.587588	-22019.385827
37.637638	-21716.054531
37.687688	-22001.717420
37.737738	-21593.198365
37.787788	-19164.991312
37.837838	-21856.148976
37.887888	-23307.433298
37.937938	-21279.843820
37.987988	-20956.070729
38.038038	-23583.574424
38.088088	-21599.945364
38.138138	-20540.157928
38.188188	-22549.148532
38.238238	-24129.177438
38.288288	-21605.806548
38.338338	-23602.311344
38.388388	-22906.653454
38.438438	-23098.231695
38.488488	-21179.589868
38.538539	-21627.733529
38.588589	-23936.287348
38.638639	-24126.087943
38.688689	-22802.969122
38.738739	-23929.219618
38.788789	-25259.671332
38.838839	-24474.084969
38.888889	-23039.088186
38.938939	-22877.232891
38.988989	-22268.656171
39.039039	-22891.073110
39.089089	-24934.787316
39.139139	-24443.188193
39.189189	-24420.970371
39.239239	-23033.825230
39.289289	-24705.104405
39.339339	-24767.318582
39.389389	-25464.830995
39.439439	-24542.539871
39.489489	-25275.691219
39.539540	-23850.697269
39.589590	-25547.908263
39.639640	-25909.466944
39.689690	-25936.221122
39.739740	-25063.570578
39.789790	-23583.764370
39.839840	-26639.098657
39.889890	-25843.106233
39.939940	-26451.353422
39.989990	-26113.308414
40.040040	-26490.316802
40.090090	-25736.013207
40.140140	-27605.817898
40.190190	-26252.496232
40.240240	-26858.337835
40.290290	-25501.131970
40.340340	-25587.760918
40.390390	-26155.106045
40.440440	-28157.305653
40.490490	-25944.697521
40.540541	-27740.922748
40.590591	-27610.417946
40.640641	-28806.188973
40.690691	-26178.430043
40.740741	-27521.110218
40.790791	-27036.805085
40.840841	-27972.274670
40.890891	-26931.920496
40.940941	-29685.470230
40.990991	-26706.987866
41.041041	-27913.535529
41.091091	-28563.810716
41.141141	-27012.886216
41.191191	-29468.507209
41.241241	-29902.624567
41.291291	-27475.039043
41.341341	-28644.959015
41.391391	-27997.552627
41.441441	-29475.377199
41.491491	-29522.636294
41.541542	-29885.544998
41.591592	-29515.901907
41.641642	-29604.558483
41.691692	-29744.180581
41.741742	-29505.653745
41.791792	-30697.984494
41.841842	-29738.223572
41.891892	-31295.397099
41.941942	-30783.726194
41.991992	-31203.131390
42.042042	-32905.418494
42.092092	-30422.324251
42.142142	-32163.993376
42.192192	-28895.687375
42.242242	-30303.783284
42.292292	-29448.553919
42.342342	-30203.041694
42.392392	-29418.346302
42.442442	-31958.768647
42.492492	-32226.991284
42.542543	-30399.221049
42.592593	-30269.319466
42.642643	-31580.448200
42.692693	-32021.116403
42.742743	-32106.630355
42.792793	-32565.307318
42.842843	-32688.262130
42.892893	-32487.156875
42.942943	-31619.770388
42.992993	-31710.960230
43.043043	-31211.638568
43.093093	-32283.873747
43.143143	-34722.482992
43.193193	-33784.286034
43.243243	-31889.951717
43.293293	-32457.782088
43.343343	-34630.098919
43.393393	-34042.762833
43.443443	-34253.463818
43.493493	-34963.891484
43.543544	-33541.028771
43.593594	-35340.640368
43.643644	-34780.744999
43.693694	-34092.764382
43.743744	-36521.870192
43.793794	-34760.246400
43.843844	-34492.478305
43.893894	-35327.160837
43.943944	-33704.866342
43.993994	-35823.238575
44.044044	-33339.126284
44.094094	-34824.890763
44.144144	-34825.195645
44.194194	-36741.234320
44.244244	-35375.681457
44.294294	-35556.632208
44.344344	-34979.701741
44.394394	-35707.080709
44.444444	-35581.940946
44.494494	-35514.263435
44.544545	-36103.316657
44.594595	-35746.000702
44.644645	-37605.955389
44.694695	-37314.834302
44.744745	-36521.040052
44.794795	-34705.148377
44.844845	-37091.297777
44.894895	-39911.223976
44.944945	-39690.719383
44.994995	-37540.136720
45.045045	-35489.810836
45.095095	-37449.935775
45.145145	-39766.203712
45.195195	-39284.885230
45.245245	-38857.237492
45.295295	-39440.373240
45.345345	-38504.085943
45.395395	-37687.764624
45.445445	-38313.942046
45.495495	-40332.975284
45.545546	-39202.519845
45.595596	-37387.878999
45.645646	-38395.410834
45.695696	-39473.181192
45.745746	-40122.993714
45.795796	-38851.205710
45.845846	-39835.233566
45.895896	-40694.227187
45.945946	-40850.649109
45.995996	-40561.809765
46.046046	-40845.887965
46.096096	-41541.720635
46.146146	-42118.665612
46.196196	-41818.936445
46.246246	-41650.129784
46.296296	-41580.123956
46.346346	-40624.726771
46.396396	-43013.101109
46.446446	-40781.529134
46.496496	-42133.402822
46.546547	-42167.343636
46.596597	-42672.176856
46.646647	-43408.972879
46.696697	-42208.818458
46.746747	-42075.563946
46.796797	-41731.212995
46.846847	-43745.485455
46.896897	-42242.021588
46.946947	-42952.794659
46.996997	-44592.517318
47.047047	-43642.876554
47.097097	-43679.236340
47.147147	-44597.995765
47.197197	-41551.433445
47.247247	-42929.335131
47.297297	-45313.602614
47.347347	-42968.635885
47.397397	-43511.730478
47.447447	-44607.913245
47.497497	-44924.294213
47.547548	-47313.155251
47.597598	-46396.849549
47.647648	-46058.923409
47.697698	-45539.180468
47.747748	-45402.245314
47.797798	-46740.570743
47.847848	-45668.603129
47.897898	-46676.322710
47.947948	-47898.619328
47.997998	-47514.348414
48.048048	-46004.134908
48.098098	-46779.025109
48.148148	-47093.128570
48.198198	-48046.390382
48.248248	-47043.829665
48.298298	-48049.309690
48.348348	-47309.915334
48.398398	-46775.664482
48.448448	-47475.038214
48.498498	-47910.078955
48.548549	-47238.400660
48.598599	-49842.129195
48.648649	-48089.764114
48.698699	-46064.312412
48.748749	-49544.945714
48.798799	-50887.253307
48.848849	-50265.985009
48.898899	-49549.447209
48.948949	-47755.672494
48.998999	-51512.429852
49.049049	-49721.364168
49.099099	-50037.071454
49.149149	-50613.271523
49.199199	-49308.747800
49.249249	-51449.593254
49.299299	-50913.079995
49.349349	-51708.151989
49.399399	-50209.590955
49.449449	-49696.099678
49.499499	-51762.796315
49.549550	-49732.111632
49.599600	-51538.998165
49.649650	-50828.588040
49.699700	-52540.241557
49.749750	-52797.361429
49.799800	-50951.648975
49.849850	-51091.713130
49.899900	-51769.229007
49.949950	-51465.571691
50.000000	-52021.326574